browser/misc/ssvg-paper/benchmarks/application benchmarks/Wind Map/wind-data-feb-21-2019.js
{"header": {"discipline":0,"disciplineName":"Meteorological products","gribEdition":2,"gribLength":74924,"center":7,"centerName":"US National Weather Service - NCEP(WMC)","subcenter":0,"refTime":"2019-02-21T12:00:00.000Z","significanceOfRT":1,"significanceOfRTName":"Start of forecast","productStatus":0,"productStatusName":"Operational products","productType":1,"productTypeName":"Forecast products","productDefinitionTemplate":0,"productDefinitionTemplateName":"Analysis/forecast at horizontal level/layer at a point in time","parameterCategory":2,"parameterCategoryName":"Momentum","parameterNumber":3,"parameterNumberName":"V-component_of_wind","parameterUnit":"m.s-1","genProcessType":2,"genProcessTypeName":"Forecast","forecastTime":0,"surface1Type":103,"surface1TypeName":"Specified height level above ground","surface1Value":10.0,"surface2Type":255,"surface2TypeName":"Missing","surface2Value":0.0,"gridDefinitionTemplate":0,"gridDefinitionTemplateName":"Latitude_Longitude","numberPoints":65160,"shape":6,"shapeName":"Earth spherical with radius of 6,371,229.0 m","gridUnits":"degrees","resolution":48,"winds":"true","scanMode":0,"nx":360,"ny":181,"basicAngle":0,"lo1":0.0,"la1":90.0,"lo2":359.0,"la2":-90.0,"dx":1.0,"dy":1.0}, "data":
[rows 125 to 149 of 181, columns 58 to 115 of 360]
-7.7385716,-8.678572,-10.138572,-12.158572,-13.3785715,-11.3785715,-10.338572,-7.828572,-5.6385717,-3.0685718,-2.7185717,-2.1485717,-1.1185718,0.20142822,1.1314282,2.2514281,3.1314282,3.8514283,4.7014284,5.501428,6.0314283,6.021428,6.081428,6.101428,6.0514283,5.9314284,5.7014284,5.3614283,4.961428,4.481428,4.0114284,3.6714282,3.4814281,3.6014283,4.0514283,3.6914282,2.9714282,2.9214282,3.3114283,3.6014283,4.2614284,-6.3385715,-7.8685718,-7.9085717,-7.0085716,-6.228572,-5.2585716,-5.2185717,-4.918572,-3.7985718,-3.7485719,-3.488572,-1.2385718,-4.628572,-4.418572,-2.0985718,1.7114282,4.151428
-6.7185717,-8.198572,-10.198572,-13.548572,-11.938572,-9.718572,-7.938572,-5.7785716,-4.3685718,-3.8485718,-2.6885717,-1.6385717,-0.37857178,0.5314282,1.6614282,2.7114282,3.7314281,4.581428,5.421428,6.2614284,6.9514284,7.441428,7.771428,8.011428,8.141428,8.231428,8.171429,8.071428,7.9714284,7.621428,6.9314284,5.981428,4.7014284,3.3614283,2.3514283,1.8314282,1.6914282,1.7014282,1.6614282,2.0514283,2.1614282,4.231428,-5.6385717,-9.478572,-9.488572,-8.778572,-7.4885716,-6.208572,-5.728572,-4.4285717,-4.958572,-5.038572,-3.5085719,-1.2885718,-4.208572,-2.6385717,-0.9085718,2.4014282
13.311428,-2.2585719,-5.4485717,-6.0485716,-6.438572,-5.8385715,-5.4485717,-4.728572,-4.4485717,-3.6685717,-2.4285717,-1.2885718,-0.09857178,1.3614283,2.7014282,3.9014282,4.9914284,5.4514284,6.0714283,6.7814283,7.4714284,7.9914284,8.431428,8.6214285,8.591428,8.631428,8.751429,8.911428,9.111428,8.951428,8.971428,8.681428,8.261428,7.751428,6.2814283,3.8214283,0.9014282,-0.5185718,-0.62857175,-0.32857177,0.63142824,1.0214282,2.1814282,-4.9085717,-9.158572,-9.728572,-9.138572,-8.038571,-6.7385716,-5.6785717,-5.358572,-6.098572,-4.9285717,-3.9085717,-0.7685718,-0.61857176,-1.7385718,-0.23857178
6.001428,10.041429,4.791428,0.09142822,-1.8485718,-2.9985719,-3.9085717,-4.4685717,-3.8185718,-2.9685717,-1.8185718,-0.61857176,0.63142824,2.3214283,4.061428,4.641428,5.2214284,5.891428,6.391428,7.001428,7.7414284,8.421429,8.751429,8.811428,8.831429,8.941428,9.201428,9.411428,9.441428,9.211429,8.951428,8.761428,8.451428,8.281428,8.181428,7.4914284,5.961428,1.7314283,-2.3985717,-2.978572,-2.0085719,-0.8185718,-0.38857177,-0.48857176,-7.168572,-10.728572,-10.848572,-9.448572,-7.828572,-6.518572,-5.858572,-5.0085716,-5.478572,-4.328572,-3.4485717,-1.2985718,-0.8485718,-2.1885717
3.9914281,3.7214282,2.9314282,2.2314281,-0.7185718,-2.8385718,-3.4385717,-3.2985718,-2.6385717,-1.9185718,-1.2585717,0.27142823,1.9014282,3.0314283,3.9214282,5.041428,5.8814282,6.6814284,7.291428,7.871428,8.381428,8.601428,8.631428,8.681428,8.341428,8.151428,8.231428,8.281428,7.891428,7.961428,8.271428,8.341428,8.221428,7.9514284,7.521428,6.891428,6.001428,4.851428,1.8014282,-4.6185718,-5.0485716,-3.3085718,-1.9585718,-1.7985718,-3.478572,-9.398572,-11.428572,-10.868572,-9.268572,-8.288571,-7.2585716,-6.608572,-5.728572,-5.0885715,-4.168572,-3.6785717,-1.3785717,-1.6585717
0.9214282,-0.34857178,-1.5785718,-2.3485718,-2.6285717,-2.5485718,-2.4985719,-2.3485718,-1.9285718,-1.2785717,-0.028571777,1.1614282,2.2114282,3.4714282,4.4314284,5.5914283,6.791428,7.541428,7.9514284,8.341428,8.451428,8.461429,8.631428,8.731428,8.671429,8.6214285,8.511428,8.201428,8.241428,8.451428,8.641428,8.161428,8.171429,8.331429,7.941428,6.8014283,5.0514283,3.9214282,2.5514283,-0.5085718,-7.328572,-6.2385716,-3.978572,-2.2185717,-2.8785717,-8.318572,-11.518572,-12.078571,-11.358572,-9.798572,-8.718572,-7.688572,-6.6985717,-5.8685718,-4.9685717,-4.418572,-2.8885717,-1.8885717
-0.86857176,-1.2985718,-1.4285718,-1.2485718,-1.4885718,-2.1385717,-1.9785718,-1.4285718,-1.0085717,-0.5185718,0.6814282,1.6314282,2.8514283,3.9914281,5.331428,6.481428,7.5114284,7.921428,8.131428,8.341428,8.511428,8.981428,9.471428,9.541429,9.521428,8.961429,8.671429,8.581429,8.591428,8.751429,8.171429,8.651428,8.591428,8.451428,8.151428,7.1814284,5.331428,2.7814283,1.0314282,-0.108571775,-4.2785716,-9.518572,-6.6385717,-4.3885717,-2.0085719,-7.5885715,-11.608572,-12.028572,-11.868572,-11.108572,-10.298572,-9.188572,-7.728572,-6.418572,-5.958572,-5.378572,-4.538572,-3.4385717
-2.1985717,-1.8885717,-1.5685718,-1.3785717,-1.5985718,-2.1385717,-1.9585718,-1.1785718,-0.20857178,0.7314282,1.2414283,2.4614282,3.5614283,4.501428,5.8014283,6.7814283,7.4314284,7.8014283,8.161428,8.331429,8.911428,9.761428,10.171429,10.341428,9.741428,9.701428,9.411428,9.301428,9.081429,8.231428,8.511428,8.391428,8.701428,9.241428,9.731428,9.021428,6.4514284,2.9014282,-0.20857178,-1.6685718,-2.8285718,-10.528572,-9.438572,-6.9685717,-5.578572,-5.148572,-9.868572,-10.338572,-11.108572,-10.808572,-10.068572,-9.368572,-8.658572,-7.7385716,-6.938572,-6.3185716,-5.898572,-4.918572
-2.6585717,-2.3085718,-1.9385718,-1.5785718,-1.6685718,-2.0085719,-1.5985718,-0.5885718,0.63142824,1.8814282,2.2214282,3.3114283,4.6614285,4.831428,5.711428,6.7614284,7.541428,8.041429,8.171429,8.711429,9.751429,10.301428,10.421429,10.571428,10.331429,10.211429,10.181428,9.511428,8.781428,8.6214285,8.221428,8.501429,8.951428,9.951428,10.751429,10.851428,8.541429,3.771428,-1.0285717,-3.6585717,-4.018572,-7.938572,-12.428572,-9.698572,-9.318572,-8.138572,-8.6285715,-8.728572,-7.4685717,-5.8185716,-5.748572,-5.8885717,-6.1985717,-6.1185718,-6.0285716,-6.1985717,-6.608572,-6.168572
-1.2785717,-1.1585717,-1.0085717,-0.48857176,-1.5285717,-1.9485718,-1.4385718,-0.40857178,1.5514282,2.5014281,2.1914282,3.6414282,4.291428,4.941428,6.061428,6.7614284,7.331428,7.8814282,8.251429,8.981428,9.631428,10.261428,10.611428,11.001429,11.101428,10.791429,9.961429,9.481428,8.931428,8.651428,8.721428,8.751429,9.211429,9.931428,11.131428,12.481428,11.351428,4.421428,-2.1485717,-5.308572,-5.378572,-7.108572,-15.248571,-12.408572,-11.358572,-11.058572,-9.948572,-9.098572,-8.368572,-7.788572,-7.078572,-5.958572,-5.0885715,-4.6785717,-4.6985717,-4.6385717,-4.7185717,-5.2185717
-3.2185717,-2.5585718,-1.8885717,-0.048571777,-0.7685718,-2.228572,-1.6185718,-0.99857175,1.3614283,2.7114282,3.2014282,3.761428,4.5914283,5.191428,5.8214283,6.4314284,7.141428,7.641428,8.391428,9.161428,9.961429,10.601428,11.161428,11.201428,10.981428,10.451428,10.431428,10.191428,9.581429,9.151428,8.941428,8.951428,9.351428,10.441428,11.761428,13.111428,14.3714285,3.2814283,-4.2385716,-6.5885715,-6.518572,-7.9885716,-16.368572,-14.738572,-13.598572,-12.688572,-11.538571,-10.578571,-9.778572,-9.038571,-8.288571,-7.378572,-6.3885717,-5.7985716,-5.148572,-4.1785717,-3.738572,-3.6985717
-3.5485718,-2.978572,-2.9585717,-1.6885718,-0.8385718,0.05142822,-0.43857178,0.31142822,1.4414282,1.7814282,2.3014283,2.9514282,3.6314282,4.311428,4.421428,5.641428,6.6314282,7.9514284,8.8714285,9.651428,10.191428,10.791429,10.951428,10.711429,11.041429,11.451428,11.481428,10.8714285,9.901428,8.961429,8.241428,8.181428,8.661428,9.791429,11.661428,13.201428,17.541428,2.8214283,-5.998572,-6.9685717,-6.6785717,-8.798572,-15.168571,-15.148572,-12.888572,-11.028572,-9.958571,-9.648572,-10.318572,-9.478572,-8.528572,-8.1285715,-7.358572,-6.1585717,-5.1785717,-4.898572,-4.648572,-4.0085716
-3.4985719,-2.978572,-2.9585717,-2.6285717,-2.3285718,-1.5685718,-0.87857175,-0.29857177,1.3514283,1.8014282,1.9714283,2.5914283,3.1514282,3.8614283,4.691428,5.171428,6.481428,7.501428,8.501429,9.221428,9.931428,10.671429,10.501429,10.461429,10.381428,11.191428,11.531428,11.021428,10.311428,9.231428,8.1214285,7.601428,8.061428,9.431428,11.411428,13.711429,15.421429,13.361428,-6.2185717,-7.328572,-9.058572,-11.458571,-13.018572,-12.618572,-11.448572,-11.728572,-11.598572,-10.908572,-10.058572,-8.998571,-8.488572,-7.7785716,-7.108572,-6.978572,-6.478572,-6.208572,-5.7785716,-5.038572
-4.0285716,-3.3685718,-2.9685717,-3.0085719,-2.9285717,-2.4185717,-1.3185718,-0.62857175,0.33142823,1.2314283,1.8814282,2.3014283,3.0914283,3.2114282,2.6914282,4.4914284,5.8214283,7.141428,8.631428,9.771428,10.021428,10.441428,10.851428,10.971428,11.001429,11.1214285,11.541429,11.561428,10.921429,9.961429,8.291429,7.121428,7.4314284,8.901428,10.141428,11.521428,13.071428,12.981428,12.291429,-10.438572,-11.078571,-12.488572,-10.548572,-9.398572,-9.848572,-10.228572,-10.118572,-10.418571,-10.368572,-9.488572,-8.508572,-7.538572,-6.9685717,-7.518572,-8.858572,-8.048572,-5.918572,-5.3185716
-4.598572,-3.738572,-3.1985717,-3.0585718,-2.8885717,-2.4285717,-1.4585718,-0.21857178,0.30142823,0.6014282,0.8514282,4.351428,0.5314282,2.2314281,3.5414283,4.441428,5.9714284,7.921428,9.111428,9.661428,10.411428,10.761428,11.041429,11.731428,12.1214285,12.171429,12.011428,11.741428,11.271428,10.331429,8.721428,6.731428,6.691428,7.8014283,8.851428,9.221428,10.001429,9.061428,7.961428,8.431428,3.8414283,-1.1585717,-4.098572,-4.938572,-5.688572,-7.6985717,-8.738572,-10.838572,-11.458571,-10.498571,-9.968572,-8.998571,-7.6185718,-6.788572,-7.288572,-7.5885715,-7.848572,-7.1385717
-5.3385715,-4.348572,-3.6685717,-3.1785717,-2.7685719,-1.9085717,-0.5685718,-0.40857178,0.16142823,0.45142823,0.20142822,-0.5685718,0.89142823,2.6814282,2.8914282,3.4514282,3.7814283,3.7014282,7.981428,9.411428,10.421429,11.231428,11.741428,11.641428,11.6214285,11.191428,11.151428,11.431428,11.341428,10.581429,8.981428,6.7814283,5.9114285,6.371428,6.9314284,7.1314282,6.3014283,6.021428,3.8714283,1.1514282,-0.22857177,-1.7785717,-2.8685718,-3.3785717,-3.9685717,-5.348572,-7.398572,-9.418571,-11.638572,-12.008572,-10.978572,-9.348572,-8.188572,-7.148572,-6.458572,-6.208572,-6.9885716,-7.4285717
-6.228572,-4.938572,-4.2385716,-3.7085717,-3.0385718,-1.8085718,-0.18857178,0.061428223,0.3814282,0.3514282,0.40142822,0.6014282,1.2214283,2.0014281,3.2014282,4.4314284,4.9114285,4.4114285,5.291428,5.9114285,9.181428,10.251429,11.291429,11.281428,11.031428,10.881428,10.331429,10.721428,10.401428,9.631428,8.651428,6.8414283,5.371428,5.021428,4.5714283,4.641428,4.501428,2.6914282,1.1614282,-0.20857178,-1.9285718,-3.1585717,-3.6785717,-4.4085717,-4.8185716,-4.358572,-4.288572,-8.418571,-10.808572,-12.308572,-11.838572,-10.118572,-8.798572,-7.898572,-7.418572,-6.5885715,-6.208572,-6.478572
-7.208572,-6.0685716,-4.708572,-3.988572,-3.2585719,-2.1685717,-0.68857175,0.27142823,0.36142823,0.5314282,0.58142823,0.94142824,1.2014282,2.1814282,3.4414282,5.171428,6.7614284,8.061428,8.551428,9.161428,9.221428,8.821428,9.151428,10.191428,10.501429,9.721428,10.511428,10.101428,9.351428,8.851428,9.061428,8.101428,5.851428,4.8614283,3.4214282,2.2314281,1.4814283,0.95142823,-1.0285717,-2.5385718,-2.8385718,-3.2585719,-3.3985717,-3.7785718,-4.0885715,-4.7385716,-4.938572,-4.4285717,-9.328571,-13.208571,-13.078571,-11.648572,-10.168571,-8.968572,-8.048572,-7.2785716,-6.668572,-6.1985717
-8.188572,-6.6185718,-5.5485716,-4.5085716,-3.6185718,-2.6485717,-1.8085718,-1.1585717,0.23142822,0.63142824,0.94142824,0.94142824,0.7814282,1.7414283,3.7814283,5.581428,7.4314284,9.571428,10.791429,10.031428,10.061428,9.171429,9.581429,9.311428,9.391428,9.931428,10.381428,10.461429,10.491428,8.901428,8.251429,6.1114283,5.8614283,4.8414283,3.511428,1.7914282,-0.5085718,-1.8385718,-2.5385718,-3.6385717,-4.3685718,-5.018572,-4.8685718,-4.7185717,-4.828572,-4.558572,-4.788572,-5.6785717,-6.5485716,-10.658572,-11.568572,-11.348572,-10.788571,-9.938572,-8.918571,-7.958572,-7.188572,-6.538572
-8.6285715,-7.1385717,-5.9485717,-4.7785716,-3.5185719,-2.4685717,-1.5485718,-1.1085718,-0.61857176,-0.17857178,0.5414282,0.57142824,0.3514282,1.7514282,3.6014283,5.8814282,8.281428,9.951428,9.761428,9.171429,9.641428,9.301428,9.151428,9.791429,10.611428,10.801428,10.721428,10.761428,10.571428,9.831429,8.391428,7.171428,5.271428,3.8314283,2.021428,0.47142822,-0.8385718,-2.5485718,-4.328572,-5.5485716,-5.9085717,-5.8885717,-6.058572,-5.788572,-6.038572,-5.608572,-5.1585717,-4.8385715,-7.038572,-9.168571,-10.748571,-11.278572,-11.118572,-10.468572,-9.698572,-8.758572,-7.918572,-6.788572
-8.818572,-7.358572,-6.0685716,-5.1185718,-3.9385717,-2.4585717,-1.3985717,-1.0385718,-0.6585718,-0.08857178,0.28142822,-0.49857178,0.6714282,2.3814282,4.481428,6.311428,7.901428,8.261428,8.751429,7.9514284,8.561428,9.131428,9.541429,10.811428,11.791429,11.961429,11.601428,11.461429,10.741428,10.6214285,9.291429,8.651428,6.791428,3.7414281,1.5514282,-0.40857178,-2.2985718,-4.148572,-5.168572,-6.418572,-7.748572,-8.228572,-7.7985716,-7.078572,-6.828572,-6.578572,-6.308572,-6.0685716,-5.7185717,-6.4085717,-8.488572,-11.938572,-11.818572,-10.918571,-10.088572,-9.178572,-7.8685718,-6.9485717
-8.648572,-7.1185718,-6.1185718,-5.208572,-4.1585717,-2.7985718,-1.6485717,-1.1485717,-0.5985718,-0.19857177,-1.4185718,-0.32857177,1.6314282,3.771428,4.981428,6.9514284,7.671428,8.291429,8.291429,8.781428,9.551428,9.681428,10.741428,12.211429,12.461429,12.321428,12.861428,12.581429,11.601428,11.801428,10.981428,9.361428,7.291428,4.8814282,2.1614282,-0.5785718,-2.8485718,-4.168572,-5.4085717,-7.378572,-7.8685718,-8.478572,-9.138572,-8.948572,-8.428572,-7.978572,-7.768572,-7.3385715,-6.978572,-6.958572,-7.438572,-7.808572,-9.288571,-10.1285715,-9.528572,-8.698572,-7.828572,-6.848572
-8.318572,-6.9485717,-6.038572,-5.1185718,-3.9185717,-2.8585718,-2.1485717,-1.6885718,-1.8285718,-3.1585717,-1.9385718,0.57142824,2.8414283,3.9114282,6.441428,6.9314284,7.6114283,8.321428,8.691428,9.691428,10.161428,10.091428,11.771428,12.971428,12.531428,13.021428,13.181428,13.581429,13.651428,13.011428,12.051428,10.591428,8.721428,6.671428,3.9614282,0.9014282,-1.9585718,-4.7185717,-6.768572,-7.6785717,-8.668571,-7.578572,-8.348572,-9.778572,-9.948572,-9.618572,-8.018572,-9.078571,-8.698572,-8.308572,-8.198572,-8.648572,-9.118572,-9.138572,-8.848572,-8.178572,-7.4085717,-6.708572
-8.478572,-7.228572,-6.2585716,-5.058572,-4.078572,-3.6985717,-3.8385718,-4.1385717,-4.7185717,-3.3085718,-0.7685718,1.6114283,3.0914283,5.461428,6.331428,6.8814282,7.731428,8.211429,8.791429,9.741428,10.271428,11.191428,12.811428,13.131428,13.341428,14.271428,14.841428,14.631428,13.8714285,13.321428,12.461429,11.211429,10.141428,8.751429,6.731428,3.8714283,-0.6385718,-4.648572,-6.7985716,-7.6785717,-5.7585716,-9.388572,-10.428572,-9.098572,-10.068572,-10.388572,-10.358572,-10.218572,-9.968572,-9.588572,-9.098572,-8.748571,-8.508572,-8.288571,-8.048572,-7.648572,-7.148572,-6.6785717
-8.938572,-7.998572,-6.538572,-5.628572,-5.6585717,-5.878572,-6.1185718,-5.598572,-4.348572,-1.7285718,0.49142823,1.7114282,3.6114283,4.961428,6.061428,6.601428,7.2014284,7.771428,8.941428,10.261428,11.411428,12.331429,12.851428,13.261428,14.531428,15.351428,15.471428,15.171429,14.971428,14.361428,13.421429,12.221428,10.931428,10.361428,8.601428,7.581428,4.7614284,-1.3385718,-5.3185716,-6.9885716,-7.7785716,-7.6385717,-8.968572,-10.648572,-10.248571,-9.958571,-10.268572,-10.588572,-10.558572,-10.168571,-9.588572,-8.918571,-8.318572,-7.848572,-7.538572,-7.288572,-7.018572,-6.6585717
