browser/misc/ssvg-paper/benchmarks/application benchmarks/Wind Map/wind-data-feb-21-2019.js
{"header": {"discipline":0,"disciplineName":"Meteorological products","gribEdition":2,"gribLength":74712,"center":7,"centerName":"US National Weather Service - NCEP(WMC)","subcenter":0,"refTime":"2019-02-21T12:00:00.000Z","significanceOfRT":1,"significanceOfRTName":"Start of forecast","productStatus":0,"productStatusName":"Operational products","productType":1,"productTypeName":"Forecast products","productDefinitionTemplate":0,"productDefinitionTemplateName":"Analysis/forecast at horizontal level/layer at a point in time","parameterCategory":2,"parameterCategoryName":"Momentum","parameterNumber":2,"parameterNumberName":"U-component_of_wind","parameterUnit":"m.s-1","genProcessType":2,"genProcessTypeName":"Forecast","forecastTime":0,"surface1Type":103,"surface1TypeName":"Specified height level above ground","surface1Value":10.0,"surface2Type":255,"surface2TypeName":"Missing","surface2Value":0.0,"gridDefinitionTemplate":0,"gridDefinitionTemplateName":"Latitude_Longitude","numberPoints":65160,"shape":6,"shapeName":"Earth spherical with radius of 6,371,229.0 m","gridUnits":"degrees","resolution":48,"winds":"true","scanMode":0,"nx":360,"ny":181,"basicAngle":0,"lo1":0.0,"la1":90.0,"lo2":359.0,"la2":-90.0,"dx":1.0,"dy":1.0}, "data":
[rows 75 to 99 of 181, columns 58 to 115 of 360]
-3.6216528,-2.7216527,-2.5016527,-2.1716528,-1.8416529,-1.9316528,-1.8816528,-1.6916528,-1.5516528,-1.4816529,-1.7716528,-1.9316528,-1.4516529,-0.30165282,1.5183471,5.198347,4.1283474,-3.9416528,-4.431653,-4.611653,-5.241653,-4.661653,-3.6316528,-2.5816529,-2.3916528,-2.4516528,-2.271653,-1.8616529,-1.4516529,-1.1516528,-1.3116528,-1.7816528,-1.9616529,-1.7916528,-1.4816529,-0.14165284,1.7183472,0.07834717,-1.3416529,2.6183472,0.7383472,-0.16165283,-1.4316528,0.25834715,0.7183472,-0.85165286,0.22834717,0.41834718,-0.9516528,0.29834718,-0.28165284,-3.1516528,-3.011653,-3.4916527,-3.4116528,-4.011653,-5.141653,-5.7116528
-4.091653,-3.6016529,-2.8716528,-2.6816528,-2.7516527,-2.6816528,-2.6216528,-2.4716527,-2.1716528,-2.2416527,-2.4816527,-2.571653,-2.021653,-1.1116529,0.39834717,4.0183473,6.1483474,-2.061653,-5.321653,-6.451653,-5.8516526,-3.8616529,-3.7216527,-2.5816529,-2.6816528,-2.9616528,-2.9016528,-2.4916527,-2.041653,-1.8516529,-2.2016528,-2.7316527,-2.8916528,-2.9116528,-2.561653,-1.6416528,-1.5616528,-1.9416528,-0.69165283,2.7883472,1.9183471,-0.98165286,-1.6016529,2.6183472,0.57834715,-1.4516529,-0.10165283,-0.6616528,0.9083472,0.27834716,-1.8816528,-1.0016528,-3.5016527,-4.0616527,-3.9416528,-4.0016527,-4.7716527,-5.6016526
-4.171653,-3.791653,-3.7016528,-3.531653,-3.3916528,-3.301653,-3.3716528,-2.9116528,-2.7316527,-2.6816528,-2.8516529,-2.6416528,-2.2516527,-1.4316528,0.008347168,2.9183471,6.7683473,4.058347,-4.3516526,-4.841653,-5.281653,-4.1216526,-3.761653,-2.6316528,-3.0016527,-3.2516527,-3.2216527,-3.1816528,-3.0816529,-3.0916529,-3.4016528,-3.6816528,-3.8316529,-3.791653,-3.5916529,-2.531653,-2.3916528,-1.9516529,-0.9116528,1.6283472,2.6283472,0.61834717,-2.2016528,1.4183471,0.21834716,-0.41165283,0.07834717,-0.36165282,1.5083472,0.19834717,-2.8916528,-1.4416528,-3.7116528,-4.3316526,-4.0616527,-4.201653,-4.441653,-5.051653
-4.531653,-4.511653,-4.281653,-3.9816527,-3.811653,-3.9016528,-3.6716528,-3.4016528,-3.321653,-3.021653,-2.8316529,-2.531653,-2.261653,-1.4316528,-0.31165284,2.0383472,5.158347,6.008347,-3.1516528,-5.221653,-4.8716526,-4.921653,-5.1216526,-3.321653,-3.3916528,-3.531653,-3.6516528,-3.9516528,-4.441653,-4.591653,-4.4616528,-4.391653,-4.3716526,-4.071653,-2.311653,-4.8316526,-2.8716528,-2.511653,-1.9516529,-0.11165283,2.938347,0.07834717,0.47834718,1.2083472,2.3583472,0.43834716,0.44834718,-1.6116529,1.2583472,0.16834716,-0.61165285,-0.42165282,-4.801653,-5.201653,-5.221653,-5.241653,-5.641653,-5.4816527
-5.161653,-4.8716526,-4.2716527,-4.361653,-4.301653,-4.191653,-3.561653,-3.571653,-3.3316529,-2.9516528,-2.6816528,-2.511653,-2.041653,-1.4016528,-0.60165286,0.9283472,3.6183472,6.368347,2.488347,-2.311653,-5.5416527,-5.441653,-4.7116528,-3.9816527,-4.181653,-4.3316526,-4.5616527,-4.951653,-5.281653,-5.3716526,-5.221653,-4.8316526,-4.531653,-3.801653,-2.551653,-4.341653,-3.541653,-3.4316528,-3.1816528,-0.80165285,1.8783472,-0.7016528,-2.1916528,0.008347168,1.1283472,1.4183471,0.7883472,0.37834716,-2.521653,-2.761653,-2.791653,-6.901653,-6.181653,-6.011653,-6.5816526,-7.0616527,-7.391653,-7.141653
-4.9616528,-4.531653,-4.911653,-5.141653,-4.5416527,-4.1016526,-3.9716527,-3.8416529,-3.6416528,-2.9916527,-2.761653,-2.261653,-1.8116528,-1.3016528,-0.41165283,0.12834717,1.9583472,4.908347,7.4783473,-1.2316529,-4.031653,-6.7116528,-5.551653,-4.571653,-4.861653,-5.031653,-5.241653,-5.551653,-5.761653,-5.781653,-5.491653,-5.011653,-4.531653,-4.011653,-4.4616528,-4.191653,-3.9716527,-3.9916527,-4.111653,-1.3516529,1.5783472,-0.21165283,-3.1716528,-2.3716528,-1.7116529,0.76834714,1.6183472,-1.4216528,-2.6916528,-8.021653,-7.8516526,-7.841653,-6.9616528,-7.201653,-7.0616527,-6.891653,-6.8316526,-6.991653
-4.9816527,-4.8716526,-5.171653,-5.421653,-4.911653,-4.471653,-4.391653,-4.411653,-3.9016528,-3.771653,-3.2416527,-2.531653,-1.9216528,-1.2716528,-0.8316528,-0.46165285,0.16834716,2.198347,3.8383472,-2.2216527,-7.1216526,-6.641653,-3.8316529,-4.161653,-4.7916527,-5.3516526,-5.3316526,-5.631653,-5.9616528,-5.8516526,-5.4616528,-4.901653,-4.3516526,-3.9616528,-4.361653,-3.9916527,-4.201653,-4.551653,-4.071653,-1.2016529,1.4083471,-0.20165282,-2.3716528,-3.6416528,-3.271653,-2.6416528,-2.1316528,-3.061653,-6.531653,-6.8316526,-7.531653,-7.2916527,-7.0816526,-6.951653,-6.551653,-6.5616527,-6.5616527,-5.9616528
-4.841653,-5.0216527,-5.5416527,-5.571653,-4.571653,-4.9616528,-5.2116528,-4.741653,-4.701653,-4.701653,-3.7316527,-2.771653,-2.4716527,-1.8816528,-1.4616529,-1.2616528,-1.4616529,-0.33165282,1.3383472,0.43834716,-7.821653,-2.7316527,-4.391653,-2.791653,-4.6016526,-4.7316527,-5.0216527,-5.7116528,-6.2516527,-5.8716526,-5.441653,-4.651653,-4.431653,-4.261653,-3.7516527,-3.8916528,-4.671653,-4.401653,-3.261653,-1.5216528,2.718347,-1.4016528,-1.7116529,-4.741653,-4.511653,-4.491653,-5.401653,-6.1016526,-6.2716527,-6.431653,-6.901653,-6.8316526,-6.7716527,-6.341653,-6.301653,-6.261653,-6.151653,-6.671653
-5.2916527,-5.381653,-5.5216527,-5.2516527,-5.6016526,-6.161653,-5.451653,-5.2716527,-5.0616527,-4.881653,-3.761653,-3.1716528,-2.9716527,-2.6316528,-2.041653,-1.3616529,-1.8416529,-3.1416528,-3.1716528,-8.4916525,-4.801653,-0.74165285,1.2083472,-1.8016528,-3.4216528,-4.631653,-5.241653,-4.8116527,-5.221653,-5.5816526,-5.0416527,-4.551653,-4.661653,-4.5616527,-3.8916528,-3.541653,-3.3516529,-3.571653,-4.161653,-4.2316527,-0.051652834,3.0783472,-1.0516528,-6.0416527,-5.1016526,-5.111653,-5.201653,-4.841653,-5.391653,-6.051653,-6.511653,-6.3516526,-6.0616527,-5.7516527,-6.221653,-6.7316527,-6.9616528,-7.821653
-5.381653,-5.631653,-5.0616527,-6.161653,-6.801653,-6.091653,-5.491653,-4.8716526,-5.691653,-5.071653,-4.411653,-4.191653,-4.261653,-4.381653,-3.9116528,-3.8716528,-5.011653,-5.141653,-6.241653,-5.7516527,-3.9716527,-0.7116528,2.948347,-8.4916525,-4.701653,-5.741653,-5.2116528,-4.8516526,-4.8716526,-4.7116528,-4.691653,-4.401653,-4.7316527,-4.841653,-4.031653,-2.9816527,-3.5016527,-3.4416528,-3.7216527,-4.681653,-2.6916528,0.26834717,1.0483471,-0.60165286,-0.33165282,-4.141653,-4.451653,-4.2916527,-4.531653,-5.131653,-6.151653,-6.171653,-5.5616527,-5.941653,-5.801653,-5.6216526,-5.661653,-5.6016526
-5.821653,-5.391653,-5.841653,-6.341653,-6.551653,-6.2116528,-5.221653,-4.681653,-5.191653,-5.651653,-5.6016526,-5.531653,-5.261653,-5.421653,-6.451653,-5.971653,-6.2716527,-6.391653,-5.971653,-5.341653,-3.9716527,-1.0216528,-3.2016528,-7.341653,-5.0016527,-4.5816526,-4.431653,-4.5616527,-4.691653,-4.5016527,-4.361653,-4.441653,-4.431653,-4.031653,-3.311653,-2.8816528,-2.3716528,-0.56165284,-0.081652835,-0.7816528,-1.6916528,-0.93165284,2.3683472,0.89834714,0.05834717,-0.13165283,-3.3516529,-3.6816528,-4.201653,-4.991653,-5.361653,-6.051653,-5.651653,-5.2116528,-4.551653,-3.8316529,-3.9316528,-1.7816528
-5.891653,-5.911653,-6.141653,-6.0216527,-5.971653,-5.2116528,-4.681653,-3.9116528,-4.911653,-5.0416527,-5.2116528,-4.661653,-4.141653,-4.301653,-5.381653,-5.201653,-5.4616528,-5.611653,-5.191653,-3.8316529,-3.7316527,-4.691653,-5.0616527,-5.011653,-4.5816526,-3.7016528,-3.4216528,-4.651653,-4.821653,-4.741653,-4.071653,-4.151653,-3.7316527,-3.1716528,-2.2416527,-1.5716529,-0.81165284,3.1283472,4.0383472,0.29834718,0.7983472,-1.4516529,0.99834716,1.1283472,0.36834717,-0.88165283,-3.5016527,-3.3916528,-4.011653,-5.181653,-2.781653,-5.551653,-5.3116527,-4.301653,-2.7016528,-1.3716528,0.55834717,0.41834718
-6.441653,-6.111653,-5.8316526,-5.6216526,-4.8316526,-4.0016527,-3.4916527,-4.551653,-4.1016526,-3.8316529,-4.2516527,-3.6816528,-3.301653,-3.781653,-4.1016526,-4.051653,-4.8316526,-4.511653,-4.071653,-5.181653,-5.2516527,-4.6216526,-4.0816526,-4.181653,-3.7516527,-3.261653,-3.5916529,-4.671653,-3.8716528,-4.6216526,-4.181653,-3.531653,-3.1316528,-2.271653,-1.3916528,-1.3116528,0.69834715,3.228347,4.6683474,3.5083473,0.26834717,-0.15165283,0.08834717,1.5783472,-0.6416528,-1.7816528,-2.9216528,-2.9016528,-2.9116528,-2.0816529,-5.2116528,-5.401653,-4.741653,-4.011653,-1.0516528,0.36834717,0.80834717,-0.5816528
-6.8716526,-5.821653,-5.3716526,-5.471653,-4.2316527,-3.5916529,-4.031653,-4.0016527,-3.7216527,-2.9316528,-3.8916528,-3.2316527,-3.0916529,-3.801653,-4.841653,-4.641653,-4.9816527,-5.171653,-4.681653,-3.9216528,-4.0416527,-4.0416527,-3.9716527,-2.8316529,-3.4516528,-3.2516527,-3.311653,-3.521653,-3.9416528,-4.0616527,-3.3716528,-3.0816529,-1.9716529,-2.1016529,-1.7416528,-0.33165282,1.4283471,2.728347,4.1683474,4.068347,3.468347,-1.3716528,0.49834716,-0.5216528,-3.2216527,-1.4616529,-1.0416528,-1.7716528,-1.6316528,-2.811653,-3.6916528,-5.511653,-2.6816528,-0.80165285,-0.07165283,0.82834715,0.25834715,0.08834717
-5.6216526,-5.471653,-4.931653,-5.151653,-4.551653,-3.9116528,-3.511653,-3.8316529,-3.7216527,-2.9316528,-2.9216528,-2.9816527,-2.771653,-3.4416528,-4.171653,-4.151653,-4.5216527,-4.191653,-4.0016527,-3.2016528,-3.2416527,-3.4016528,-2.8616529,-2.541653,-2.2316527,-3.1416528,-2.561653,-2.7216527,-3.7016528,-3.3916528,-3.021653,-2.4816527,-2.1816528,-0.9716528,-1.6016529,-0.041652832,0.8583472,1.6783471,2.5583472,3.3483472,2.6683471,1.1183472,-0.06165283,-1.0316528,-0.67165285,-0.7216528,-2.4616528,-1.1816528,-1.3316529,-1.6316528,-0.98165286,-0.14165284,-0.7616528,-0.8916528,-0.28165284,0.8483472,-0.18165283,0.07834717
-2.9316528,-3.2416527,-4.471653,-4.891653,-5.201653,-4.241653,-3.801653,-3.771653,-3.7116528,-2.8516529,-2.6416528,-2.4716527,-2.3716528,-2.2516527,-3.1516528,-3.3816528,-3.4916527,-3.561653,-3.281653,-2.7516527,-2.7216527,-2.5016527,-1.8916528,-1.9616529,-1.5316528,-2.3716528,-1.1916528,-0.86165285,-2.281653,-3.3316529,-2.2416527,-1.1716528,-1.1216528,-1.5216528,-0.41165283,-0.48165283,0.37834716,1.3083472,1.9683472,2.728347,2.948347,4.6883473,-0.39165282,0.34834716,0.18834716,-0.87165284,-3.021653,-1.4216528,-0.29165283,-0.60165286,0.82834715,2.978347,0.24834716,-1.7716528,-1.0416528,-0.46165285,0.5283472,-0.8216528
-2.2516527,-2.541653,-3.6016529,-3.4716527,-3.9516528,-3.9416528,-3.9416528,-3.771653,-3.4016528,-2.6216528,-2.4416528,-2.2516527,-1.6016529,-0.88165283,-2.551653,-1.5316528,-2.8616529,-3.321653,-3.061653,-2.761653,-2.1716528,-1.0216528,-1.3016528,-1.1816528,-0.8416528,-0.11165283,-0.24165283,-1.1916528,-1.1916528,-2.031653,-1.5316528,-1.5816529,-1.9016528,-1.2816528,-1.0016528,-0.15165283,0.95834714,0.70834714,-0.22165284,1.5183471,2.5383472,2.728347,2.478347,-1.1216528,0.43834716,-1.1616528,-1.2216529,-0.7816528,-0.54165286,0.9183472,2.3183472,3.8483472,0.35834718,-0.121652834,-0.041652832,-0.15165283,0.6583472,-0.10165283
-2.1116529,-2.6716528,-2.771653,-3.051653,-2.9016528,-3.051653,-3.4116528,-3.3516529,-3.031653,-2.2516527,-1.9516529,-1.8716528,-1.6216528,-0.73165286,-1.1216528,-1.6216528,-2.7516527,-2.4716527,-2.2016528,-2.6116529,-1.7616528,-0.94165283,-0.25165284,-0.03165283,0.57834715,0.7383472,0.56834716,-0.6416528,-0.79165286,-1.4416528,-0.8916528,-1.6116529,-0.27165282,-1.5416528,-0.63165283,-0.35165283,-0.051652834,0.36834717,-0.13165283,0.7883472,1.2983471,1.1783471,3.488347,0.81834716,-0.41165283,0.21834716,-0.47165284,-1.0116528,0.018347168,0.7283472,2.678347,3.1083472,0.31834716,0.14834717,-0.17165284,0.41834718,-0.85165286,0.16834716
-2.1816528,-2.5016527,-2.521653,-2.4416528,-2.4316528,-2.1416528,-2.521653,-2.291653,-1.9716529,-1.9516529,-1.6216528,-1.6416528,-1.1216528,-0.18165283,0.50834715,-0.5316528,-0.75165284,-1.7416528,-1.7416528,-1.2216529,-0.5916528,0.14834717,0.08834717,0.9083472,1.0983472,2.3483472,2.1383471,0.30834717,-0.17165284,0.07834717,-0.49165285,-1.4416528,-0.45165282,-0.39165282,0.16834716,0.26834717,0.33834717,-0.35165283,-0.09165283,0.35834718,0.34834716,0.6083472,1.2283472,1.2983471,-0.8316528,0.028347168,0.42834717,-0.13165283,-0.011652832,1.0283471,0.6783472,3.2483473,1.4283471,0.99834716,0.34834716,-0.13165283,-0.56165284,-0.56165284
-1.8816528,-2.1416528,-2.2316527,-2.061653,-1.8416529,-1.6716528,-1.4416528,-1.1216528,-0.74165285,-1.0516528,-1.0616528,-0.7116528,-0.021652833,0.61834717,1.1983472,0.63834715,0.95834714,-0.79165286,-0.17165284,-0.07165283,0.7183472,0.08834717,0.048347168,1.4083471,1.8183472,2.7983472,2.7583473,1.7083472,-1.3316529,-0.5716528,-0.81165284,0.17834717,-0.43165284,-0.47165284,0.07834717,0.16834716,0.22834717,0.028347168,-0.98165286,-0.41165283,-0.60165286,-0.37165284,-0.23165283,0.44834718,0.45834717,-0.32165283,-0.18165283,0.25834715,-1.9316528,-0.03165283,1.6783471,2.0183473,2.2783473,1.9483472,0.7383472,-0.5316528,1.9883472,-0.56165284
-1.7316529,-1.9616529,-1.9816529,-1.9416528,-1.7116529,-1.1616528,-0.8216528,-0.7116528,-0.49165285,-0.121652834,0.26834717,0.27834716,0.24834716,0.94834715,1.6183472,1.8783472,1.1583471,0.7183472,1.3483472,1.7983471,1.4083471,0.15834717,0.95834714,0.87834716,0.30834717,1.6783471,2.2583473,-4.321653,-3.8516529,-2.051653,-1.1616528,-0.68165284,0.12834717,-0.8416528,-0.60165286,-0.38165283,0.46834716,1.1483471,-1.2216529,-1.3216529,-1.4616529,-1.3716528,-1.1216528,-0.5916528,0.7783472,-0.27165282,-0.41165283,-0.9716528,-1.6616528,0.5883472,1.6683471,1.6583471,1.5183471,0.9883472,0.018347168,0.10834717,1.0983472,0.38834718
-0.9116528,-1.3816528,-1.3416529,-1.5016528,-1.4016528,-0.8316528,-0.16165283,-1.0616528,-0.021652833,0.5883472,1.1583471,1.6583471,1.0283471,1.2783471,2.0583472,1.9083471,0.93834716,1.1683471,1.3583472,1.7283472,-0.011652832,-0.011652832,-0.7616528,-0.9616528,-2.6716528,-2.551653,-3.2516527,-3.4616528,-4.3116527,-3.821653,-2.3916528,-1.4216528,-1.4416528,-0.98165286,-1.2916528,-0.20165282,-0.38165283,-0.6516528,-0.9016528,-2.1016529,-1.6716528,-1.2416528,-1.4316528,-2.541653,-2.1916528,-1.7316529,-2.3316529,-3.8816528,-2.6316528,0.37834716,1.1583471,1.3683472,1.7483472,0.5983472,-0.60165286,0.03834717,0.16834716,-0.40165284
0.43834716,-1.8116528,-1.5416528,-1.3016528,-1.2516528,-0.99165285,-0.6616528,-0.34165284,0.8383472,1.7583472,2.5083473,2.428347,2.1183472,2.0883472,2.5483472,2.488347,1.9183471,1.6183472,0.7283472,-0.14165284,-2.3516529,-2.061653,-2.1016529,-3.1816528,-2.9716527,-3.9316528,-3.541653,-3.4316528,-3.4416528,-3.6316528,-2.8816528,-2.5816529,-2.291653,-2.1916528,-2.541653,-2.8816528,-2.9316528,-2.9616528,-2.4316528,-2.041653,-1.5316528,-3.2216527,-3.4716527,-3.3616529,-3.0816529,-3.2516527,-3.761653,-3.2016528,-1.5816529,-0.09165283,-0.29165283,0.07834717,0.82834715,-0.5816528,-0.8416528,-0.5916528,0.49834716,1.1383471
-0.47165284,-1.3916528,-1.1316528,-1.2116529,-1.7116529,-1.5316528,-0.56165284,0.6583472,1.7983471,2.3583472,2.7983472,2.8183472,3.5583472,3.0383472,3.0583472,3.0883472,2.4183471,2.178347,0.5383472,-2.1016529,-2.3616529,-3.281653,-3.4316528,-2.9916527,-4.131653,-3.6916528,-3.511653,-3.3616529,-3.511653,-3.2316527,-3.6916528,-3.4616528,-3.6516528,-3.8416529,-4.531653,-4.7916527,-3.4616528,-3.8616529,-3.7216527,-3.511653,-3.9216528,-3.6416528,-3.1816528,-3.261653,-3.8816528,-3.8516529,-3.561653,-2.3916528,-1.7416528,-2.1716528,-2.1016529,-2.061653,-2.3616529,-0.5916528,-0.26165283,-0.06165283,0.47834718,1.4783472
-1.7016529,-2.6316528,-3.561653,-3.4816527,-3.531653,-3.4016528,-2.301653,-1.6916528,-0.8216528,1.0683472,2.0283473,2.718347,3.7483473,3.5283473,3.1383471,3.2783473,2.4083471,2.4083471,-0.6616528,-2.9016528,-3.1916528,-4.181653,-3.7416527,-3.8416529,-4.3116527,-3.561653,-3.1416528,-4.161653,-4.781653,-4.5816526,-4.8316526,-4.7716527,-4.881653,-5.0216527,-5.8516526,-5.201653,-4.671653,-4.191653,-3.9916527,-4.6016526,-4.721653,-4.1216526,-4.091653,-4.4816527,-4.301653,-5.1016526,-4.2516527,-3.1916528,-3.1816528,-2.761653,-2.3716528,-2.1716528,-1.3716528,-2.2016528,-1.4916528,-1.7116529,-0.81165284,-0.9016528
