browser/misc/ssvg-paper/benchmarks/application benchmarks/Wind Map/wind-data-feb-21-2019.js
{"header": {"discipline":0,"disciplineName":"Meteorological products","gribEdition":2,"gribLength":48092,"center":7,"centerName":"US National Weather Service - NCEP(WMC)","subcenter":0,"refTime":"2019-02-21T12:00:00.000Z","significanceOfRT":1,"significanceOfRTName":"Start of forecast","productStatus":0,"productStatusName":"Operational products","productType":1,"productTypeName":"Forecast products","productDefinitionTemplate":0,"productDefinitionTemplateName":"Analysis/forecast at horizontal level/layer at a point in time","parameterCategory":0,"parameterCategoryName":"Temperature","parameterNumber":0,"parameterNumberName":"Temperature","parameterUnit":"K","genProcessType":2,"genProcessTypeName":"Forecast","forecastTime":0,"surface1Type":1,"surface1TypeName":"Ground or water surface","surface1Value":0.0,"surface2Type":255,"surface2TypeName":"Missing","surface2Value":0.0,"gridDefinitionTemplate":0,"gridDefinitionTemplateName":"Latitude_Longitude","numberPoints":65160,"shape":6,"shapeName":"Earth spherical with radius of 6,371,229.0 m","gridUnits":"degrees","resolution":48,"winds":"true","scanMode":0,"nx":360,"ny":181,"basicAngle":0,"lo1":0.0,"la1":90.0,"lo2":359.0,"la2":-90.0,"dx":1.0,"dy":1.0}, "data":
[rows 26 to 51 of 181, columns 240 to 299 of 360]
242.81966,242.81966,241.21965,239.01965,238.31966,241.31966,242.01965,242.91965,244.11966,243.01965,244.71965,242.51965,241.91965,240.31966,237.51965,236.21965,237.61966,238.11966,237.21965,238.51965,238.51965,237.51965,239.41965,238.41965,238.61966,239.41965,239.81966,240.01965,240.61966,242.31966,242.91965,244.11966,245.21965,244.21965,241.31966,239.61966,240.01965,239.81966,236.81966,238.21965,239.51965,238.91965,239.31966,239.41965,240.61966,240.41965,240.81966,240.41965,236.11966,235.41965,235.41965,235.51965,236.41965,236.31966,234.81966,238.81966,241.01965,242.51965,243.01965,242.31966
245.91965,242.91965,241.71965,244.41965,241.21965,238.81966,242.51965,244.11966,242.71965,241.21965,242.61966,244.21965,242.71965,241.21965,239.41965,237.01965,235.91965,236.81966,239.71965,242.91965,239.51965,239.31966,238.01965,238.11966,238.91965,239.01965,240.01965,239.81966,239.91965,242.21965,243.61966,243.81966,244.11966,244.11966,243.71965,243.21965,242.81966,242.01965,241.51965,239.51965,238.81966,239.11966,239.41965,240.41965,240.91965,241.01965,241.11966,241.01965,241.91965,238.71965,234.91965,232.81966,236.51965,242.51965,239.01965,239.01965,238.41965,239.91965,241.81966,255.51965
254.01965,249.61966,247.21965,247.01965,246.11966,245.41965,252.81966,248.21965,250.61966,250.11966,248.61966,247.11966,246.41965,245.41965,242.21965,239.21965,237.11966,235.61966,236.61966,237.41965,237.91965,238.71965,238.81966,238.51965,239.21965,238.71965,239.01965,241.01965,242.61966,242.51965,243.11966,243.61966,244.11966,244.11966,243.61966,243.21965,243.01965,242.71965,241.91965,241.21965,238.61966,238.91965,237.11966,233.51965,233.41965,234.01965,234.01965,236.41965,240.11966,240.01965,241.61966,243.31966,247.81966,244.11966,240.91965,242.71965,243.41965,250.81966,259.51965,271.31964
261.31964,260.31964,258.91965,256.61966,256.71967,255.31966,253.01965,251.51965,250.41965,249.81966,248.71965,245.81966,246.71965,247.41965,246.31966,242.61966,239.41965,237.61966,236.81966,236.91965,237.91965,238.41965,239.21965,239.41965,239.71965,238.91965,240.71965,242.51965,242.11966,242.51965,242.71965,242.81966,243.31966,243.01965,242.81966,242.61966,242.51965,242.51965,242.11966,241.81966,241.31966,240.51965,239.61966,235.51965,234.61966,234.21965,234.31966,234.71965,234.71965,237.31966,239.71965,239.41965,239.61966,239.81966,241.51965,242.21965,242.81966,249.41965,258.31964,272.31964
257.41965,259.31964,259.91965,260.31964,259.31964,259.21967,257.21967,255.21965,253.11966,250.71965,248.91965,247.11966,246.51965,246.31966,246.21965,244.41965,241.11966,239.71965,239.51965,238.51965,239.81966,239.31966,239.41965,239.51965,239.41965,240.01965,242.41965,241.91965,242.01965,242.51965,242.71965,242.81966,242.71965,242.41965,242.61966,242.21965,242.11966,242.01965,242.21965,241.71965,241.71965,241.31966,240.61966,237.91965,236.71965,236.51965,236.21965,236.21965,235.71965,236.01965,239.31966,240.91965,245.11966,242.51965,242.61966,243.51965,244.61966,245.61966,247.01965,262.71967
254.31966,254.91965,256.41965,258.01965,256.31964,256.91965,256.51965,254.11966,252.61966,251.91965,250.91965,249.01965,248.11966,246.21965,245.61966,244.61966,242.51965,239.31966,240.21965,239.31966,239.11966,239.61966,239.21965,240.81966,239.61966,239.71965,241.81966,242.31966,242.41965,242.61966,242.61966,242.71965,242.81966,242.81966,242.71965,242.61966,242.51965,242.61966,242.41965,242.31966,242.01965,241.81966,239.21965,238.11966,238.11966,238.11966,239.01965,238.71965,240.51965,239.61966,239.31966,240.81966,240.91965,242.11966,244.81966,239.41965,239.51965,245.11966,241.31966,248.01965
259.11966,257.31964,254.91965,255.41965,256.01965,253.51965,254.31966,252.71965,253.21965,249.71965,248.21965,246.41965,246.11966,244.41965,243.61966,243.41965,242.71965,242.11966,241.11966,238.61966,240.01965,238.91965,239.71965,239.61966,239.11966,239.11966,239.41965,241.21965,242.71965,242.91965,242.91965,242.81966,242.91965,243.41965,243.21965,243.51965,243.61966,243.51965,243.51965,243.41965,243.31966,243.11966,242.51965,241.21965,242.91965,243.01965,241.91965,243.01965,241.91965,242.51965,241.51965,241.61966,241.21965,242.01965,240.41965,237.71965,238.11966,240.11966,244.61966,247.11966
255.21965,256.11966,254.11966,254.21965,253.01965,252.01965,251.01965,251.41965,250.51965,248.21965,247.31966,246.61966,245.71965,244.01965,243.11966,244.11966,243.81966,243.11966,243.41965,239.61966,242.61966,243.41965,242.61966,240.61966,241.91965,241.31966,241.11966,242.41965,244.01965,244.11966,244.01965,243.51965,244.11966,244.21965,244.01965,244.21965,244.21965,244.41965,244.11966,244.11966,244.91965,245.01965,245.61966,245.41965,242.41965,243.51965,243.61966,243.51965,243.21965,243.41965,245.01965,242.71965,243.31966,243.81966,242.81966,240.21965,240.91965,240.31966,241.91965,247.81966
252.01965,252.01965,250.01965,251.31966,251.61966,250.91965,251.31966,250.31966,249.01965,248.51965,249.11966,246.51965,248.21965,246.31966,246.51965,246.11966,245.91965,245.61966,245.51965,245.31966,244.61966,245.81966,246.11966,246.11966,246.61966,246.51965,247.01965,248.21965,247.71965,247.51965,246.81966,245.51965,245.41965,247.11966,247.51965,247.71965,247.51965,247.61966,247.71965,247.61966,247.61966,247.41965,247.71965,245.81966,244.91965,242.81966,243.81966,243.51965,243.61966,244.31966,244.01965,243.81966,242.01965,242.21965,243.31966,242.51965,240.81966,242.41965,244.81966,245.71965
254.61966,252.91965,254.01965,252.21965,252.71965,250.51965,248.41965,248.81966,247.21965,247.81966,249.61966,249.91965,250.21965,250.51965,246.41965,245.91965,248.51965,248.21965,246.81966,247.11966,247.11966,248.61966,248.81966,249.81966,249.51965,250.31966,250.81966,251.01965,251.41965,251.61966,252.91965,251.81966,251.31966,251.21965,251.71965,251.71965,250.91965,250.71965,250.81966,250.71965,250.51965,250.61966,249.61966,247.51965,243.61966,244.11966,243.61966,244.71965,241.71965,242.61966,242.51965,242.41965,241.11966,242.61966,242.71965,242.21965,241.71965,242.31966,244.61966,247.81966
247.11966,252.91965,252.91965,251.91965,250.71965,249.81966,248.11966,248.51965,247.51965,246.81966,248.91965,247.51965,249.91965,249.91965,250.11966,249.71965,248.61966,249.61966,250.71965,249.71965,251.01965,251.61966,254.41965,254.81966,254.81966,255.21965,256.81964,257.21967,256.21967,255.71965,255.51965,255.51965,255.31966,255.71965,257.31964,255.81966,255.51965,254.51965,255.41965,254.61966,254.71965,254.11966,252.31966,251.21965,251.41965,250.21965,247.51965,245.01965,245.21965,243.01965,242.51965,241.41965,242.21965,241.51965,242.41965,242.41965,242.31966,244.01965,244.61966,248.01965
243.31966,247.91965,248.11966,251.51965,252.21965,250.61966,250.91965,251.51965,250.31966,250.81966,249.71965,248.91965,249.11966,250.21965,248.61966,249.11966,250.11966,251.81966,253.41965,254.21965,255.21965,256.71967,259.51965,254.91965,254.91965,255.11966,254.61966,252.61966,253.31966,254.61966,255.01965,254.71965,253.91965,254.41965,254.41965,254.61966,254.01965,253.91965,252.61966,250.91965,251.51965,251.21965,251.51965,253.41965,255.21965,255.11966,253.91965,253.31966,250.91965,248.01965,245.51965,243.81966,244.11966,244.41965,246.21965,244.41965,244.41965,246.91965,245.81966,247.21965
253.21965,247.51965,249.81966,244.61966,246.61966,252.11966,251.91965,251.91965,252.51965,255.11966,253.01965,250.91965,250.91965,253.31966,252.31966,252.61966,253.71965,251.41965,251.71965,250.41965,253.31966,254.01965,256.21967,253.81966,256.11966,256.61966,258.11966,258.21967,259.01965,259.01965,259.01965,259.21967,258.11966,257.21967,257.41965,256.91965,257.01965,255.51965,258.01965,259.21967,258.31964,257.61966,258.91965,259.51965,258.41965,257.81964,257.21967,255.51965,254.71965,253.41965,251.21965,248.01965,246.91965,246.81966,247.11966,247.51965,247.91965,247.51965,249.31966,249.01965
259.71967,258.91965,253.41965,253.91965,252.31966,251.91965,252.61966,251.91965,256.11966,255.51965,253.81966,251.91965,254.91965,253.71965,255.51965,256.21967,252.61966,250.31966,250.31966,250.81966,253.81966,253.91965,256.21967,256.51965,260.81964,260.81964,260.21967,260.91965,261.51965,260.41965,260.71967,261.51965,261.91965,262.01965,262.11966,261.71967,261.71967,261.91965,262.31964,262.61966,262.11966,261.51965,261.11966,260.41965,259.31964,258.51965,258.81964,258.61966,257.21967,256.41965,254.61966,253.11966,252.31966,249.51965,251.81966,250.61966,250.51965,250.41965,252.91965,251.01965
261.51965,261.41965,259.91965,259.71967,259.31964,253.21965,251.31966,253.41965,257.01965,258.61966,259.01965,257.51965,255.91965,256.31964,255.91965,255.91965,250.51965,249.91965,252.31966,257.11966,259.01965,255.71965,259.61966,261.11966,261.71967,261.61966,261.61966,262.41965,263.11966,262.91965,262.81964,263.31964,264.01965,264.31964,264.11966,264.51965,264.61966,264.41965,264.11966,263.51965,262.41965,262.91965,262.91965,262.21967,261.51965,260.91965,259.91965,259.41965,259.21967,258.41965,256.81964,255.71965,254.31966,254.21965,263.31964,266.51965,257.61966,267.41965,270.11966,260.81964
260.71967,264.81964,261.81964,259.01965,256.81964,254.41965,251.11966,254.11966,254.51965,256.51965,256.61966,255.41965,254.51965,254.31966,254.51965,254.81966,251.81966,251.01965,254.61966,256.91965,258.21967,259.31964,259.81964,263.01965,261.91965,263.71967,264.11966,264.21967,264.11966,263.61966,263.11966,264.31964,264.11966,263.71967,264.71967,263.21967,264.11966,264.31964,263.81964,262.41965,263.11966,262.91965,263.21967,263.41965,263.01965,262.31964,261.81964,260.51965,261.91965,261.21967,257.71967,260.31964,265.01965,260.71967,256.81964,256.81964,261.91965,266.91965,259.51965,260.11966
263.21967,262.51965,262.61966,260.31964,257.71967,255.71965,261.11966,253.21965,256.31964,259.51965,259.61966,257.21967,258.91965,259.11966,256.91965,255.41965,254.81966,255.71965,255.31966,256.31964,256.31964,259.51965,260.41965,263.81964,260.31964,259.81964,262.11966,262.81964,263.61966,262.91965,263.11966,262.31964,268.51965,269.31964,265.01965,262.81964,262.51965,262.01965,263.31964,263.61966,263.01965,263.71967,264.71967,263.91965,263.31964,262.81964,261.61966,261.71967,263.21967,261.61966,260.11966,260.61966,260.21967,259.61966,259.21967,258.61966,259.51965,257.91965,262.91965,268.21967
266.31964,265.01965,262.11966,258.41965,258.71967,258.01965,256.01965,257.71967,260.81964,257.31964,260.71967,259.71967,262.31964,260.51965,256.61966,254.31966,254.01965,255.81966,253.11966,256.81964,257.71967,258.91965,258.01965,258.91965,261.41965,259.21967,260.81964,259.81964,261.51965,264.41965,268.11966,267.51965,266.71967,272.81964,271.51965,269.71967,266.91965,266.71967,267.31964,268.11966,268.51965,268.81964,266.71967,265.31964,264.71967,264.81964,262.61966,263.01965,263.91965,263.91965,264.11966,261.71967,262.41965,261.31964,260.51965,260.51965,260.71967,261.01965,260.81964,260.51965
268.31964,270.21967,264.51965,263.01965,261.01965,255.01965,256.11966,253.11966,254.91965,256.41965,260.11966,261.71967,261.01965,258.11966,256.91965,252.01965,252.11966,252.31966,252.41965,253.41965,253.91965,256.01965,259.31964,262.11966,262.31964,259.41965,258.41965,261.41965,264.41965,265.11966,266.21967,266.81964,267.71967,265.91965,267.51965,268.61966,269.71967,270.11966,270.41965,271.01965,271.31964,270.61966,270.81964,264.71967,264.51965,264.81964,262.01965,266.61966,268.41965,265.61966,264.11966,262.91965,264.61966,263.71967,264.31964,264.41965,263.81964,262.61966,262.71967,261.41965
264.51965,263.11966,261.41965,263.21967,261.91965,253.41965,254.31966,250.41965,248.51965,249.21965,247.61966,261.61966,253.81966,256.01965,255.91965,253.21965,255.21965,253.81966,252.31966,253.21965,253.61966,254.91965,253.81966,254.91965,255.71965,255.31966,255.21965,255.71965,257.01965,260.51965,262.11966,263.71967,264.81964,267.11966,269.21967,269.21967,269.61966,270.91965,272.31964,271.61966,271.51965,272.01965,272.01965,272.01965,272.81964,273.01965,272.61966,270.11966,267.41965,263.21967,264.51965,267.91965,268.11966,276.81964,275.31964,268.01965,265.41965,264.51965,268.91965,272.21967
263.91965,261.71967,261.41965,269.81964,265.71967,256.61966,252.71965,253.51965,256.61966,254.01965,244.51965,258.01965,258.81964,252.11966,260.21967,248.61966,254.21965,253.31966,254.61966,254.61966,256.21967,254.71965,254.81966,254.21965,254.61966,255.01965,255.71965,256.11966,255.81966,258.61966,260.51965,260.61966,261.81964,275.31964,268.41965,267.21967,267.71967,268.61966,270.41965,271.51965,271.51965,272.31964,272.51965,272.71967,273.51965,273.21967,271.31964,268.11966,264.51965,266.11966,270.81964,275.71967,276.51965,276.91965,268.91965,268.11966,276.01965,275.71967,274.41965,273.31964
267.81964,264.81964,267.81964,265.51965,268.41965,265.21967,261.81964,256.91965,254.11966,255.21965,248.61966,257.41965,260.31964,251.41965,257.61966,260.51965,260.11966,257.31964,260.21967,258.71967,259.21967,257.41965,256.91965,256.31964,256.51965,256.11966,255.61966,256.71967,257.31964,258.71967,260.31964,260.91965,264.41965,275.01965,268.41965,268.11966,269.01965,269.51965,270.01965,271.91965,272.81964,273.31964,273.11966,273.41965,273.51965,273.21967,270.51965,267.71967,264.51965,270.61966,277.21967,278.81964,277.11966,275.71967,272.81964,275.11966,275.01965,275.71967,275.61966,277.71967
263.81964,266.11966,261.31964,262.11966,262.91965,260.91965,257.21967,260.31964,258.81964,252.01965,253.61966,256.71967,257.01965,255.71965,256.41965,263.71967,264.81964,263.31964,261.31964,260.21967,259.51965,259.51965,258.81964,258.91965,256.11966,257.61966,258.21967,258.41965,258.91965,259.31964,259.91965,261.41965,268.01965,271.51965,269.21967,269.61966,269.71967,270.51965,270.91965,272.41965,272.31964,272.41965,272.11966,272.51965,273.21967,272.71967,272.31964,270.21967,269.21967,271.61966,276.01965,277.31964,276.61966,274.71967,276.21967,279.01965,278.81964,279.81964,278.21967,282.21967
259.41965,269.41965,269.01965,264.61966,259.51965,261.11966,268.91965,268.01965,265.41965,256.01965,256.71967,259.31964,259.61966,254.81966,253.51965,260.91965,264.01965,263.31964,261.81964,262.41965,257.81964,256.81964,257.01965,257.51965,257.41965,259.11966,260.01965,260.61966,262.21967,264.21967,267.21967,268.81964,270.11966,270.41965,269.71967,270.51965,270.91965,270.91965,270.71967,273.21967,273.51965,273.21967,274.01965,272.21967,272.01965,271.31964,271.41965,275.41965,277.31964,277.71967,277.21967,277.71967,277.71967,279.51965,283.41965,283.41965,285.21967,285.61966,284.61966,286.51965
266.81964,267.71967,262.01965,265.11966,263.81964,259.31964,266.01965,267.01965,262.11966,258.71967,261.51965,262.21967,260.81964,254.11966,253.71965,266.01965,266.71967,264.61966,265.21967,263.71967,262.91965,262.21967,261.91965,262.01965,260.71967,263.91965,265.41965,266.51965,268.51965,269.51965,270.31964,270.11966,270.01965,269.71967,269.81964,269.91965,270.11966,272.61966,270.51965,272.91965,274.91965,273.41965,273.61966,270.81964,269.11966,273.41965,277.11966,278.11966,279.41965,281.21967,282.91965,283.31964,283.91965,284.81964,285.51965,287.01965,287.91965,288.31964,287.91965,289.11966
264.11966,265.21967,265.41965,257.31964,258.71967,260.21967,265.81964,265.61966,259.81964,263.61966,267.11966,266.41965,259.81964,254.71965,250.51965,257.71967,263.71967,264.01965,263.91965,265.21967,265.31964,265.41965,265.11966,265.11966,264.41965,267.11966,268.11966,268.21967,268.21967,269.41965,269.61966,270.31964,270.01965,270.71967,270.71967,271.11966,271.41965,272.51965,274.81964,277.41965,278.61966,279.31964,273.11966,271.21967,271.31964,272.21967,279.21967,281.31964,284.31964,286.21967,287.51965,287.11966,287.11966,287.31964,288.11966,288.81964,289.11966,289.21967,290.71967,290.41965
